1
=======================================channels==================================================
Cora_channel=[94.86908613537757, 95.58315473800899, 95.86344524315157, 96.2847224829022, 96.28085090484872, 96.29632690325019, 96.37078807538253, 96.25202576378918, 96.27582174803852, 96.34931122369561, 96.30672170790815, 96.32915112363227, 96.50758965102528, 96.4482268592424, 96.27215812439981, 96.38796965843814, 96.36134810601489, 96.30346340308606]
Citeseer_channel=[97.16734177003018, 97.44864178613608, 97.66442715573092, 97.60904346042712, 97.85273452020711, 97.75465601887052, 97.9822355095755, 97.97212699267719, 97.99240772153337, 98.078376499358, 97.9254617706015, 98.04907560285677, 98.00283842487654, 97.99425818718697, 97.95397123291576, 98.08436901425821, 98.01095336285502, 98.0105811883641]
Pubmed_channel=[95.76105005115407, 96.5538743703489, 96.87946223478086, 97.01448747377133, 96.96083120055651, 96.85133971917398, 96.78453092621433, 96.81194579705846, 96.77237369100993, 96.73598598639369, 96.77641337532094, 96.79851327399027, 96.76661325900247, 96.80729265092079, 96.84967497214222, 96.84369817393033, 96.77817230528875, 96.79509214247548]

=======================================lamda==================================================
Cora_lambda=[0.9503652841438954, 0.9473551555653172, 0.9515102852060822, 0.9523456318929604, 0.9520971882662596,  0.9577485194679669, 0.9580612950131373, 0.9584607684785332, 0.9559780079255826, 0.9594297954125578, 0.9598857947758535, 0.9600120035311777,  0.9620835255318574, 0.9636910524288063, 0.963463065074227, 0.9633475150236381,0.9581157891330049, 0.9591793877745187, 0.9581848503268724, 0.9587515123517102]
Citeseer_lambda=[0.9665885762589059, 0.9636710542205047, 0.9701823451274001, 0.9705397898804492, 0.9703707281729259,  0.9727630075188204, 0.9726125112688341, 0.9805627339693274, 0.9804661272793141, 0.9805289216278227, 0.9803743509238014, 0.980079700519261, 0.9797319164352131, 0.9809167854123898, 0.9809105180533753, 0.9735231722817059, 0.9733230234470018, 0.9732335823828244, 0.9732332820042047, 0.9731427276096427]
Pubmed_lambda=[0.9487889194437567, 0.9535557214759087, 0.9552192975846813, 0.957552742729281, 0.9557409946858425, 0.9561508431867352, 0.9556444973543249, 0.9571944155729906, 0.9581515942065582, 0.9601695527033455, 0.9616870688967013, 0.9618182122714357, 0.9638136749957643, 0.9658945322172842, 0.9689979617313402, 0.970013832177857, 0.9685046886632707, 0.967276811507338, 0.9659699091263122, 0.9623428291507041]

===========================================abl_stu===============================================
#w/o disent
Cora: average_test_auc:0.8969048964998254, average_test_ap:0.8828848513035211.
Citeseer:  average_test_auc:0.8290479410699192, average_test_ap:0.8221085885604127
Pubmed: average_test_auc:0.8511230220565238, average_test_ap:0.8397530834428286

#w/o CLUB
Cora: average_test_auc:0.9526221604513753, average_test_ap:0.9548054578541114.
Citeseer : average_test_auc:0.9652133800265668, average_test_ap:0.9670990694432657.
Pubme : average_test_auc:0.947457223637738, average_test_ap:0.9463481534115491.


