1
cora_test_auc_list:  [0.957519740466426, 0.9631943369255641, 0.9614048226868638, 0.9654375308304138, 0.9670290102942077, 0.9674178785794786, 0.9675294981798805, 0.9700355382405151]
citeseer_test_auc_list:  [0.9760705228837097, 0.973578070281367, 0.972858350440768, 0.975104455983577, 0.9777804612969448, 0.9775147928994082, 0.9757372298031639, 0.9787755102040816]
pubmed_test_auc_list:  [0.9576105005115407, 0.9655387437034889, 0.9687946223478086, 0.9701448747377133, 0.9696083120055651, 0.9685133971917398, 0.9678453092621433, 0.9681194579705846, 0.9677237369100993, 0.9673598598639368, 0.9677641337532095, 0.9679851327399026, 0.9676661325900247, 0.9680729265092078, 0.9684967497214222, 0.9684369817393034, 0.9677817230528875, 0.9679509214247548]
