1
cora_test_auc_list:  [0.9558314213259269, 0.9638401159280281, 0.9681342832991185, 0.9711194300205289, 0.9719067745441371, 0.9713899287525661, 0.9725153966912209, 0.972771404419756, 0.9762154329187297, 0.9735056152638569, 0.9760705228837098, 0.9763241154449946, 0.9779012196594614, 0.9766646540272914, 0.9781185847119913, 0.9774761502234031, 0.9776983456104336, 0.9774761502234028]
cora_test_ap_list:    [0.958851423456179, 0.9664656507314361, 0.9690642517400105, 0.9711726020554374, 0.9718360339447184, 0.9720503712616373, 0.9732232157480134, 0.9731772130756121, 0.9760464067126995, 0.9751450022969541, 0.9765464694268633, 0.9765688809797334, 0.9775070898795218, 0.9772345970920828, 0.9778254878124283, 0.9775851241965532, 0.977799488356001, 0.9771266670241856]
