1
cora_test_auc_list:  [0.957519740466426, 0.9631943369255641, 0.9614048226868638, 0.9654375308304138, 0.9670290102942077, 0.9674178785794786, 0.9675294981798805, 0.9700355382405151]
citeseer_test_auc_list:  [0.9760705228837097, 0.973578070281367, 0.972858350440768, 0.975104455983577, 0.9777804612969448, 0.9775147928994082, 0.9757372298031639, 0.9787755102040816]
cora_test_auc_list:  [0.9760705228837097, 0.973578070281367, 0.972858350440768, 0.975104455983577, 0.9777804612969448, 0.9775147928994082, 0.9757372298031639, 0.9787755102040816]
